5 7
0 4
0 1 10
0 2 5
1 3 4
2 3 5
3 4 8
1 2 2
2 4 1

Output: 10

6 9
0 5
0 1 12
0 2 15
1 3 5
1 4 7
2 4 10
3 5 8
4 5 10
3 2 1

Output: 20

8 12
0 7
0 1 3
0 2 3
0 3 3
1 4 1
2 4 1
3 4 1
4 5 1
4 6 1
5 7 3
6 7 3
5 6 1

Output: 3

4 5
0 3
0 1 100
1 2 10
2 3 100
0 2 100
1 3 100

Output: 110

5 6
0 4
0 1 1
0 2 1
0 3 1
1 4 1
2 4 1
3 4 1

Output: 3

7 10
0 6
0 1 5
0 2 5
1 3 5
2 4 5
3 5 5
4 5 5
5 6 10
1 4 3
3 2 2

Output: 10

5 7
0 4
0 1 20
0 2 10
1 3 5
2 3 5
3 4 20
1 2 1
2 1 1

Output: 15

5 4
0 4
0 1 99
1 2 99
2 3 99
3 4 5

Output: 5

6 8
0 5
0 1 10
1 2 10
1 3 10
2 5 3
3 5 4
2 4 1
3 4 1
4 5 5

Output: 7

6 7
0 5
0 1 2
0 2 3
1 3 10
2 4 10
3 5 10
4 5 10
1 4 1

Output: 5

4 2
0 3
0 1 10
2 3 10

Output: 0

7 9
0 6
0 1 10
1 2 1
2 3 10
3 4 10
4 5 1
5 6 10
0 3 10
3 6 1

Output: 12

10 9
0 9
0 1 1
1 2 1
2 3 1
3 4 1
4 5 1
5 6 1
6 7 1
7 8 1
8 9 1

Output: 1

5 5
0 4
0 2 10
0 3 10
2 1 10
3 1 10
1 4 10

Output: 20

5 7
0 4
0 1 15
0 2 15
1 3 10
2 3 10
3 4 20
1 2 5
2 1 5

Output: 30
